151 192
153 216
156 240
159 264
168 285
184 303
204 316
226 326
248 328
268 323
284 310
298 295
309 278
316 259
321 239
323 220
323 200
171 182
185 172
202 169
220 172
236 179
268 178
283 174
298 172
312 176
321 188
253 195
253 207
254 219
255 232
235 243
244 246
253 248
261 246
269 243
193 195
204 189
216 190
225 198
215 200
203 200
272 200
282 191
293 192
302 198
294 202
283 202
214 272
230 267
245 263
252 266
260 263
271 267
280 272
270 280
260 286
251 287
243 287
229 282
220 272
245 273
252 274
259 273
275 272
259 274
251 275
244 274
