123 182
126 197
131 212
135 226
142 238
153 247
166 253
180 257
194 257
207 253
220 247
231 239
238 228
243 215
244 201
244 187
244 173
131 168
138 161
148 158
159 157
170 159
191 157
202 153
212 152
223 153
233 156
181 171
182 180
182 189
183 197
176 208
181 208
186 208
190 206
195 204
145 177
151 171
159 170
166 176
160 178
151 179
200 172
205 165
214 165
221 169
215 172
207 173
170 226
177 221
184 219
188 219
192 218
199 218
208 221
201 224
195 227
190 228
186 229
179 228
173 225
184 223
189 223
193 222
205 221
194 221
189 223
185 223
