424 313
426 350
430 386
435 419
445 450
461 480
488 506
519 526
554 532
589 528
621 510
653 489
678 464
694 430
700 394
705 357
709 320
441 301
459 277
489 265
522 264
552 273
590 275
617 268
644 266
669 272
688 288
573 305
573 327
573 348
573 371
542 393
556 397
570 401
584 396
595 391
474 323
490 315
509 313
527 320
510 326
490 327
609 316
626 309
644 310
660 316
644 320
626 319
510 443
531 432
550 424
564 428
578 425
593 431
609 442
592 451
576 457
561 459
547 459
529 455
518 443
549 438
563 440
577 438
601 442
576 438
562 440
548 440
