242 174
241 193
242 212
243 231
247 249
257 264
271 276
287 287
305 291
323 289
339 279
353 266
364 251
370 233
373 215
376 196
378 177
251 163
259 153
272 149
285 151
297 156
321 157
334 152
348 152
360 157
368 167
308 172
308 187
307 201
307 215
293 222
299 225
307 228
314 225
321 223
265 174
273 170
282 171
290 177
281 178
272 177
327 178
335 172
344 173
352 177
344 179
336 179
278 243
289 241
299 240
307 242
316 240
327 242
337 245
326 251
316 255
307 256
298 254
289 251
282 244
299 245
307 247
316 246
333 246
316 246
307 247
299 246
