497 347
497 383
503 420
510 454
519 489
534 522
556 550
583 572
616 577
652 572
685 551
715 527
740 495
756 460
764 422
770 382
773 343
508 331
520 310
545 301
572 304
596 315
633 318
658 307
687 303
715 311
735 330
613 338
612 365
611 391
609 419
587 433
599 439
611 445
626 440
639 435
536 343
547 334
563 333
579 343
563 345
547 346
658 343
674 334
691 335
705 344
690 347
674 346
568 483
581 474
596 472
610 477
624 473
641 478
659 487
641 501
624 506
610 507
595 504
581 496
576 482
596 483
610 485
624 484
651 487
624 485
610 487
595 483
