177 275
179 305
184 336
189 366
197 395
214 420
238 440
265 455
292 459
318 454
341 437
360 416
374 392
381 365
386 337
391 309
393 279
204 262
222 256
242 256
262 261
281 269
313 268
331 260
350 256
369 256
383 266
297 288
297 310
297 331
298 353
275 361
285 365
296 369
307 365
316 362
227 290
240 284
254 285
267 294
253 297
238 296
321 294
333 284
348 283
360 289
350 295
335 296
252 391
269 389
285 387
296 390
307 387
321 389
335 392
321 406
307 414
296 415
284 414
268 405
258 393
285 398
296 399
307 398
329 394
307 398
296 400
285 398
