238 274
240 304
244 335
250 365
258 394
274 419
298 440
325 456
352 460
378 455
401 439
420 417
434 392
441 365
447 337
452 309
454 279
265 262
284 256
304 257
323 261
341 269
375 268
393 260
411 256
430 255
444 265
358 288
358 310
358 331
358 353
337 361
347 365
357 369
367 366
376 362
287 290
300 284
315 285
328 294
314 297
299 297
382 294
394 284
409 283
421 290
410 295
396 296
312 391
330 389
347 387
358 390
368 387
383 389
396 392
383 407
368 414
356 416
344 414
328 406
319 393
346 398
357 400
368 398
390 394
368 399
357 401
346 399
