314 211
315 236
318 261
322 286
331 308
345 329
365 345
388 356
410 359
431 354
448 339
462 320
472 298
478 275
482 253
487 231
488 209
339 196
355 189
373 189
391 192
408 198
428 199
442 193
457 191
471 191
482 199
417 212
418 227
419 242
421 259
398 267
408 271
418 273
426 271
433 267
359 211
368 206
380 206
389 213
379 215
368 215
434 213
444 206
455 206
464 211
456 215
445 215
382 297
397 292
409 288
417 291
425 288
433 291
442 296
433 303
424 306
416 307
407 307
396 306
387 297
408 296
417 297
425 296
437 296
424 295
416 296
408 296
